1) Срезы по 20 эл-тов с шагом 10:
[ 0  1  2  3  4  5  6  7  8  9 10 11 12 13 14 15 16 17 18 19]
[10 11 12 13 14 15 16 17 18 19 20 21 22 23 24 25 26 27 28 29]
[20 21 22 23 24 25 26 27 28 29 30 31 32 33 34 35 36 37 38 39]
[30 31 32 33 34 35 36 37 38 39 40 41 42 43 44 45 46 47 48 49]
[40 41 42 43 44 45 46 47 48 49 50 51 52 53 54 55 56 57 58 59]
[50 51 52 53 54 55 56 57 58 59 60 61 62 63 64 65 66 67 68 69]
[60 61 62 63 64 65 66 67 68 69 70 71 72 73 74 75 76 77 78 79]
[70 71 72 73 74 75 76 77 78 79 80 81 82 83 84 85 86 87 88 89]
[80 81 82 83 84 85 86 87 88 89 90 91 92 93 94 95 96 97 98 99]
[90 91 92 93 94 95 96 97 98 99]

2) Срезы по 20 эл-тов с шагом 10
(пока кол-во оставшихся эл-тов больше или равно 20):
[[ 0  1  2  3  4  5  6  7  8  9 10 11 12 13 14 15 16 17 18 19]
 [10 11 12 13 14 15 16 17 18 19 20 21 22 23 24 25 26 27 28 29]
 [20 21 22 23 24 25 26 27 28 29 30 31 32 33 34 35 36 37 38 39]
 [30 31 32 33 34 35 36 37 38 39 40 41 42 43 44 45 46 47 48 49]
 [40 41 42 43 44 45 46 47 48 49 50 51 52 53 54 55 56 57 58 59]
 [50 51 52 53 54 55 56 57 58 59 60 61 62 63 64 65 66 67 68 69]
 [60 61 62 63 64 65 66 67 68 69 70 71 72 73 74 75 76 77 78 79]
 [70 71 72 73 74 75 76 77 78 79 80 81 82 83 84 85 86 87 88 89]
 [80 81 82 83 84 85 86 87 88 89 90 91 92 93 94 95 96 97 98 99]]

Форма numpy-массива (кол-во срезов, кол-во эл-тов в срезе):
(9, 20)

3) Использование ф-ции split_sequence:
> Массив подмассивов:
[[ 0  1  2  3  4  5  6  7  8  9 10 11 12 13 14 15 16 17 18 19]
 [10 11 12 13 14 15 16 17 18 19 20 21 22 23 24 25 26 27 28 29]
 [20 21 22 23 24 25 26 27 28 29 30 31 32 33 34 35 36 37 38 39]
 [30 31 32 33 34 35 36 37 38 39 40 41 42 43 44 45 46 47 48 49]
 [40 41 42 43 44 45 46 47 48 49 50 51 52 53 54 55 56 57 58 59]
 [50 51 52 53 54 55 56 57 58 59 60 61 62 63 64 65 66 67 68 69]
 [60 61 62 63 64 65 66 67 68 69 70 71 72 73 74 75 76 77 78 79]
 [70 71 72 73 74 75 76 77 78 79 80 81 82 83 84 85 86 87 88 89]
 [80 81 82 83 84 85 86 87 88 89 90 91 92 93 94 95 96 97 98 99]]
> Numpy-массив:
[array([ 0,  1,  2,  3,  4,  5,  6,  7,  8,  9, 10, 11, 12, 13, 14, 15, 16,
       17, 18, 19]), array([10, 11, 12, 13, 14, 15, 16, 17, 18, 19, 20, 21, 22, 23, 24, 25, 26,
       27, 28, 29]), array([20, 21, 22, 23, 24, 25, 26, 27, 28, 29, 30, 31, 32, 33, 34, 35, 36,
       37, 38, 39]), array([30, 31, 32, 33, 34, 35, 36, 37, 38, 39, 40, 41, 42, 43, 44, 45, 46,
       47, 48, 49]), array([40, 41, 42, 43, 44, 45, 46, 47, 48, 49, 50, 51, 52, 53, 54, 55, 56,
       57, 58, 59]), array([50, 51, 52, 53, 54, 55, 56, 57, 58, 59, 60, 61, 62, 63, 64, 65, 66,
       67, 68, 69]), array([60, 61, 62, 63, 64, 65, 66, 67, 68, 69, 70, 71, 72, 73, 74, 75, 76,
       77, 78, 79]), array([70, 71, 72, 73, 74, 75, 76, 77, 78, 79, 80, 81, 82, 83, 84, 85, 86,
       87, 88, 89]), array([80, 81, 82, 83, 84, 85, 86, 87, 88, 89, 90, 91, 92, 93, 94, 95, 96,
       97, 98, 99])]

4) Удвоение существующего массива:
> Полученный удвоенный массив:
[[ 0  1  2  3  4  5  6  7  8  9 10 11 12 13 14 15 16 17 18 19]
 [10 11 12 13 14 15 16 17 18 19 20 21 22 23 24 25 26 27 28 29]
 [20 21 22 23 24 25 26 27 28 29 30 31 32 33 34 35 36 37 38 39]
 [30 31 32 33 34 35 36 37 38 39 40 41 42 43 44 45 46 47 48 49]
 [40 41 42 43 44 45 46 47 48 49 50 51 52 53 54 55 56 57 58 59]
 [50 51 52 53 54 55 56 57 58 59 60 61 62 63 64 65 66 67 68 69]
 [60 61 62 63 64 65 66 67 68 69 70 71 72 73 74 75 76 77 78 79]
 [70 71 72 73 74 75 76 77 78 79 80 81 82 83 84 85 86 87 88 89]
 [80 81 82 83 84 85 86 87 88 89 90 91 92 93 94 95 96 97 98 99]
 [ 0  1  2  3  4  5  6  7  8  9 10 11 12 13 14 15 16 17 18 19]
 [10 11 12 13 14 15 16 17 18 19 20 21 22 23 24 25 26 27 28 29]
 [20 21 22 23 24 25 26 27 28 29 30 31 32 33 34 35 36 37 38 39]
 [30 31 32 33 34 35 36 37 38 39 40 41 42 43 44 45 46 47 48 49]
 [40 41 42 43 44 45 46 47 48 49 50 51 52 53 54 55 56 57 58 59]
 [50 51 52 53 54 55 56 57 58 59 60 61 62 63 64 65 66 67 68 69]
 [60 61 62 63 64 65 66 67 68 69 70 71 72 73 74 75 76 77 78 79]
 [70 71 72 73 74 75 76 77 78 79 80 81 82 83 84 85 86 87 88 89]
 [80 81 82 83 84 85 86 87 88 89 90 91 92 93 94 95 96 97 98 99]]
> Форма удвоенного массива: (18, 20)